s = [ lol        ]18
d = [ +0000032767 +0000000127 +2147483647 +9223372036854775807 +9223372036854775807 +9223372036854775807 +140735340871679 ]123
u = [ 0000000255 0000065535 18446744073709551615 18446744073709551615 18446744073709551615 18446744073709551615 ]113
f = [ 340282346638528787607924641633871942758.0000000000 340282346638528787607924641633871942758.0000000000 ]109
e = [ 3.4028234663e+38 3.4028234663e+38 ]41
g = [ 3.402823466e+38 3.402823466e+38 ]39
a = [ 0x1.fffffe0000p+127 0x1.fffffe0000p+127 ]47
x = [ 0x00000000ff 0x000000ffff 0x00ffffffff 0xffffffffffffffff 0xffffffffffffffff 0xffffffffffffffff 0x7fffffffffff ]118
o = [ 0000000377 0000177777 037777777777 01777777777777777777777 01777777777777777777777 01777777777777777777777 03777777777777777 ]132
S = [        lol ]18
c = [          c          c ]29
C = [          C ]18
n = [        ]14
p = [ 0x7fff53eb37e8 ]22
% = [          %          %          %          %          %          %          % ]84
O = [ 0000000377 0000177777 037777777777 01777777777777777777777 01777777777777777777777 01777777777777777777777 03777777777777777 ]132
U = [ 0000000255 0000065535 4294967295 18446744073709551615 18446744073709551615 18446744073709551615 140737488355327 ]119

s = [ lol        ]18
d = [ +0000032767 +0000000127 +2147483647 +9223372036854775807 +9223372036854775807 +9223372036854775807 +2147483647 ]118
u = [ 0000000255 0000065535 18446744073709551615 18446744073709551615 18446744073709551615 18446744073709551615 ]113
f = [ 340282346638528859811704183484516925440.0000000000 340282346638528859811704183484516925440.0000000000 ]109
e = [ 3.4028234664e+38 3.4028234664e+38 ]41
g = [ 3.402823466e+38 3.402823466e+38 ]39
a = [ 0x1.fffffe0000p+127 0x1.fffffe0000p+127 ]47
x = [ 0x00000000ff 0x000000ffff 0x00ffffffff 0xffffffffffffffff 0xffffffffffffffff 0xffffffffffffffff 0x00ffffffff ]116
o = [ 0000000377 0000177777 037777777777 01777777777777777777777 01777777777777777777777 01777777777777777777777 037777777777 ]127
S = [        lol ]18
c = [          c          c ]29
C = [          C ]18
n = [        ]14
p = [ 0x7fff53eb37e8 ]22
% = [          %          %          %          %          %          %          % ]84
O = [ 0000000377 0000177777 037777777777 01777777777777777777777 01777777777777777777777 01777777777777777777777 03777777777777777 ]132
U = [ 0000000255 0000065535 4294967295 18446744073709551615 18446744073709551615 18446744073709551615 140737488355327 ]119

